521
529
610
621
653
658
699
702
704
705
709
730
760
765
765
775
780
785
788
801
807
811
814
818
824
824
830
832
833
844
854
855
856
858
860
863
867
878
880
880
883
890
895
896
900
901
902
904
905
909
910
912
916
918
919
920
922
923
924
928
929
930
931
932
932
932
933
934
935
935
936
938
938
940
944
946
948
949
950
951
954
954
956
958
958
958
966
970
970
972
972
978
980
980
984
990
990
992
996
996
998
999
1000
1001
1002
1002
1009
1009
1011
1021
1022
1023
1026
1029
1035
1035
1035
1037
1037
1037
1039
1040
1045
1049
1058
1062
1063
1063
1067
1067
1067
1069
1069
1071
1077
1078
1078
1081
1083
1083
1085
1091
1092
1101
1102
1102
1103
1105
1106
1106
1110
1112
1115
1116
1118
1122
1122
1122
1126
1133
1134
1138
1143
1147
1149
1150
1151
1151
1153
1156
1157
1157
1157
1162
1170
1170
1171
1173
1178
1180
1184
1187
1192
1195
1195
1196
1203
1217
1237
1250
1258
1289
1292
1303
1311
1320
1324
1333
1340
1425
